0 0 0 0 7 0 0 10 0 0 0 5 0 0 0 0 0 0 0 0 0 0 11 0 0 0 0 0 0 0 9 0 0 0 3 0 0 2 0 0 0 0 0 0 0 0 14 13 0 6 0 0 0 0 0 0 0 0 0 0 0 0 8 0
0 0 0 0 7 0 0 8 0 0 0 3 0 0 0 0 0 0 0 0 0 0 11 0 0 0 0 0 0 0 0 0 0 0 5 0 0 12 0 0 0 0 0 0 0 0 13 0 0 10 0 14 0 0 0 2 0 0 0 0 0 9 0 0
0 0 0 0 9 0 0 0 0 0 0 0 0 0 4 0 0 0 0 0 0 0 2 0 0 10 0 0 0 0 0 0 0 0 13 0 0 12 0 0 0 0 0 0 0 0 6 11 0 0 0 5 0 0 0 7 14 0 0 0 0 0 0 0
0 0 0 0 8 0 0 11 0 0 0 13 0 0 0 0 0 0 0 0 0 0 14 0 0 0 0 0 0 0 7 0 0 0 5 0 0 12 0 0 0 0 0 0 0 0 6 0 0 4 0 0 0 0 0 2 0 0 0 0 0 3 0 0
0 0 0 0 5 0 0 12 0 0 0 3 0 0 0 0 0 0 0 0 0 0 7 0 0 0 0 0 0 0 0 0 0 0 8 0 0 10 0 0 0 0 0 0 0 0 2 6 0 14 0 13 0 0 0 0 0 0 0 0 0 0 9 0
0 0 0 0 3 0 0 6 0 0 0 11 0 0 0 0 0 0 0 0 0 0 2 0 0 0 0 0 0 0 14 0 0 0 9 0 0 10 0 0 0 0 0 0 0 0 7 0 0 13 0 0 0 0 0 0 0 0 0 0 0 5 12 0
0 0 0 0 11 0 0 6 0 0 0 4 0 0 0 0 0 0 0 0 0 0 14 0 0 0 0 0 0 0 0 0 0 0 7 0 0 8 0 0 0 0 0 0 0 0 12 10 0 3 0 13 0 0 0 9 0 0 0 0 0 0 0 0
0 0 0 0 9 0 0 4 0 0 0 5 0 0 0 0 0 0 0 0 0 0 0 0 0 0 0 0 0 0 0 0 0 0 8 0 0 3 0 0 0 0 0 0 0 0 7 0 0 14 13 10 0 0 0 0 0 0 0 0 0 11 2 0
0 0 0 0 6 0 0 0 0 0 0 0 0 0 5 0 0 0 0 0 0 0 2 0 0 10 0 0 0 0 0 0 0 0 13 0 0 7 0 0 0 0 0 0 0 0 11 14 0 0 0 3 0 0 0 4 12 0 0 0 0 0 0 0
0 0 0 0 7 0 0 10 0 0 0 11 0 0 0 0 0 0 0 0 6 0 0 0 0 0 0 0 0 0 0 0 0 0 0 0 0 14 0 0 0 0 0 0 0 0 8 0 0 2 9 5 0 0 0 0 0 0 0 0 0 3 12 0
0 0 0 0 12 0 0 0 0 0 0 4 0 0 0 0 0 0 0 0 0 0 5 0 0 0 0 0 0 0 0 0 0 0 6 0 0 7 0 0 0 0 0 0 0 0 2 14 0 8 0 13 0 0 0 0 10 0 0 0 0 0 11 0
0 0 0 0 3 0 0 6 0 0 0 14 0 0 0 0 0 0 0 0 0 0 0 0 0 0 0 0 0 0 0 0 0 0 13 0 0 2 0 0 0 0 0 0 0 0 9 12 0 10 5 7 0 0 0 0 0 0 0 0 0 0 4 0
0 0 0 0 11 0 0 0 0 0 0 9 0 0 0 0 0 0 0 0 0 0 3 0 0 0 0 0 0 0 0 0 0 0 8 0 0 14 0 0 0 0 0 0 0 0 7 6 0 2 0 13 0 0 0 12 5 0 0 0 0 0 0 0
0 0 0 0 9 0 0 14 0 0 0 5 0 0 0 0 0 0 0 0 0 0 11 0 0 0 0 0 0 0 6 0 0 0 4 0 0 8 0 0 0 0 0 0 0 0 12 0 0 3 0 0 0 0 0 0 0 0 0 0 0 2 7 0
0 0 0 0 5 0 0 12 0 0 0 7 0 0 0 0 0 0 0 0 9 0 0 0 0 0 0 0 0 0 0 0 0 0 0 0 0 4 0 0 0 0 0 0 0 0 8 2 0 3 6 11 0 0 0 14 0 0 0 0 0 0 0 0
0 0 0 0 6 0 0 11 0 0 0 5 0 0 0 0 0 0 0 0 0 0 3 0 0 0 0 0 0 0 14 0 0 0 7 0 0 0 0 0 0 0 0 0 12 0 0 0 0 8 0 0 0 4 0 0 0 0 0 0 0 10 9 0
0 0 0 0 7 0 0 11 0 0 0 9 0 0 0 0 0 0 0 0 3 0 0 0 0 0 0 0 0 0 0 0 0 0 0 0 0 14 0 0 0 0 0 0 0 0 5 0 0 2 12 13 0 0 0 4 0 0 0 0 0 6 0 0
0 0 0 0 4 0 0 9 0 0 0 6 0 0 0 0 0 0 0 0 11 0 0 0 0 0 0 0 0 0 0 0 0 0 0 0 0 5 0 0 0 0 0 0 0 0 8 14 0 2 12 13 0 0 0 0 0 0 0 0 0 0 7 0
0 0 0 0 2 0 0 13 0 0 0 0 0 0 0 0 0 0 0 0 0 0 10 0 0 5 0 0 0 0 0 0 0 0 8 0 0 4 0 0 0 0 0 0 0 0 11 6 0 9 0 3 0 0 0 7 0 0 0 0 0 0 0 0
0 0 0 0 7 0 0 6 0 0 0 13 0 0 0 0 0 0 0 0 0 0 4 0 0 0 0 0 0 0 10 0 0 0 8 0 0 2 0 0 0 0 0 0 0 0 11 0 0 5 0 0 0 0 0 9 0 0 0 0 0 12 0 0
0 0 0 0 8 0 0 10 0 0 0 5 0 0 0 0 0 0 0 0 0 0 3 0 0 0 0 0 0 0 14 0 0 0 7 0 0 2 0 0 0 0 0 0 0 0 13 0 0 6 0 0 0 0 0 0 0 0 0 0 0 4 12 0
0 0 0 0 8 0 0 0 0 0 0 0 0 0 0 0 0 0 0 0 0 0 2 0 0 3 0 0 0 0 0 0 0 0 14 0 0 12 0 0 0 0 0 0 0 0 11 9 0 13 0 5 0 0 0 4 10 0 0 0 0 0 0 0
0 0 0 0 2 0 0 14 0 0 0 0 0 0 3 0 0 0 0 0 0 0 9 0 0 8 0 0 0 0 0 0 0 0 11 0 0 12 0 0 0 0 0 0 0 0 7 5 0 0 0 10 0 0 0 0 0 0 0 0 0 0 4 0
0 0 0 0 11 0 0 9 0 0 0 0 0 0 13 0 0 0 0 0 0 0 8 0 0 14 0 0 0 0 0 0 0 0 5 0 0 4 0 0 0 0 0 0 0 0 12 0 0 0 0 2 0 0 0 7 0 0 0 0 0 10 0 0
0 0 0 0 12 0 0 8 0 0 0 6 0 0 0 0 0 0 0 0 0 0 4 0 0 0 0 0 0 0 0 0 0 0 10 0 0 0 0 0 0 0 0 0 14 0 5 0 0 3 0 11 0 0 0 0 0 0 0 0 0 2 13 0
0 0 0 0 7 0 0 14 0 0 0 5 0 0 0 0 0 0 0 0 6 0 0 0 0 0 0 0 0 0 0 0 0 0 0 0 0 8 0 0 0 0 0 0 0 0 3 0 0 4 9 13 0 0 0 0 0 0 0 0 0 12 10 0
0 0 0 0 6 0 0 0 0 0 0 2 0 0 0 0 0 0 0 0 0 0 3 0 0 0 0 0 0 0 0 0 0 0 13 0 0 4 0 0 0 0 0 0 0 0 14 10 0 7 0 12 0 0 0 11 5 0 0 0 0 0 0 0
0 0 0 0 12 0 0 10 0 0 0 3 0 0 0 0 0 0 0 0 0 0 0 0 0 0 0 0 0 0 9 0 0 0 11 0 0 14 0 0 0 0 0 0 0 0 0 13 0 4 5 0 0 7 0 0 0 0 0 0 0 0 6 0
0 0 0 0 6 0 0 0 0 0 0 9 0 0 0 0 0 0 0 0 0 0 4 0 0 0 0 0 0 0 8 0 0 0 14 0 0 13 0 0 0 0 0 0 0 0 7 12 0 10 0 0 0 0 0 2 5 0 0 0 0 0 0 0
0 0 0 0 7 0 0 12 0 0 0 4 0 0 0 0 0 0 0 0 0 0 2 0 0 0 0 0 0 0 0 0 0 0 13 0 0 6 0 0 0 0 0 0 0 0 10 8 0 3 0 9 0 0 0 14 0 0 0 0 0 0 0 0
0 0 0 0 6 0 0 7 0 0 0 0 0 0 0 0 0 0 0 0 11 0 0 0 0 3 0 0 0 0 0 0 0 0 0 0 0 12 0 0 0 0 0 0 0 0 0 0 0 13 8 5 0 9 0 0 0 0 0 0 0 10 2 0
0 0 0 0 7 0 0 5 0 0 0 3 0 0 0 0 0 0 0 0 10 0 0 0 0 0 0 0 0 0 0 0 0 0 0 0 0 4 0 0 0 0 0 0 0 0 0 0 0 8 14 12 0 2 0 0 0 0 0 0 0 11 13 0
0 0 0 0 9 0 0 13 0 0 0 11 0 0 0 0 0 0 0 0 0 0 12 0 0 0 0 0 0 0 0 0 0 0 2 0 0 14 0 0 0 0 0 0 0 0 4 0 0 10 0 3 0 0 0 0 0 0 0 0 0 6 5 0
0 0 0 0 10 0 0 0 0 0 0 0 0 0 8 0 0 0 0 0 0 0 13 0 0 9 0 0 0 0 0 0 0 0 5 0 0 11 0 0 0 0 0 0 0 0 2 12 0 0 0 14 0 0 0 3 7 0 0 0 0 0 0 0
0 0 0 0 6 0 0 5 0 0 0 0 0 0 0 0 0 0 0 0 0 0 3 0 0 7 0 0 0 0 0 0 0 0 11 0 0 2 0 0 0 0 0 0 0 0 14 10 0 13 0 4 0 0 0 8 0 0 0 0 0 0 0 0
0 0 0 0 12 0 0 10 0 0 0 4 0 0 0 0 0 0 0 0 0 0 7 0 0 0 0 0 0 0 0 0 0 0 3 0 0 8 0 0 0 0 0 0 0 0 9 13 0 5 0 11 0 0 0 0 0 0 0 0 0 0 14 0
0 0 0 0 6 0 0 0 0 0 0 10 0 0 0 0 0 0 0 0 0 0 12 0 0 0 0 0 0 0 5 0 0 0 4 0 0 9 0 0 0 0 0 0 0 0 2 14 0 7 0 0 0 0 0 8 3 0 0 0 0 0 0 0
0 0 0 0 9 0 0 6 0 0 0 2 0 0 0 0 0 0 0 0 0 0 13 0 0 0 0 0 0 0 0 0 0 0 5 0 0 4 0 0 0 0 0 0 0 0 10 0 0 3 0 8 0 0 0 0 0 0 0 0 0 12 7 0
0 0 0 0 8 0 0 0 0 0 0 7 0 0 0 0 0 0 0 0 0 0 2 0 0 0 0 0 0 0 6 0 0 0 11 0 0 4 0 0 0 0 0 0 0 0 10 14 0 5 0 0 0 0 0 3 13 0 0 0 0 0 0 0
0 0 0 0 9 0 0 14 0 0 0 6 0 0 0 0 0 0 0 0 0 0 13 0 0 0 0 0 0 0 5 0 0 0 4 0 0 12 0 0 0 0 0 0 0 0 10 0 0 11 0 0 0 0 0 0 0 0 0 0 0 3 2 0
0 0 0 0 12 0 0 11 0 0 0 0 0 0 9 0 0 0 0 0 0 0 2 0 0 13 0 0 0 0 0 0 0 0 7 0 0 0 0 0 0 0 0 0 5 0 8 0 0 0 0 6 0 0 0 0 0 0 0 0 0 3 14 0
0 0 0 0 11 0 0 5 0 0 0 10 0 0 0 0 0 0 0 0 0 0 8 0 0 0 0 0 0 0 9 0 0 0 6 0 0 7 0 0 0 0 0 0 0 0 3 0 0 12 0 0 0 0 0 13 0 0 0 0 0 14 0 0
0 0 0 0 3 0 0 9 0 0 0 5 0 0 0 0 0 0 0 0 0 0 13 0 0 0 0 0 0 0 10 0 0 0 11 0 0 14 0 0 0 0 0 0 0 0 7 0 0 2 0 0 0 0 0 12 0 0 0 0 0 6 0 0
0 0 0 0 11 0 0 9 0 0 0 10 0 0 0 0 0 0 0 0 0 0 4 0 0 0 0 0 0 0 5 0 0 0 3 0 0 7 0 0 0 0 0 0 0 0 8 0 0 13 0 0 0 0 0 0 0 0 0 0 0 2 12 0
0 0 0 0 7 0 0 5 0 0 0 6 0 0 0 0 0 0 0 0 0 0 4 0 0 0 0 0 0 0 10 0 0 0 14 0 0 8 0 0 0 0 0 0 0 0 12 0 0 3 0 0 0 0 0 9 0 0 0 0 0 11 0 0
0 0 0 0 9 0 0 0 0 0 0 10 0 0 0 0 0 0 0 0 0 0 3 0 0 0 0 0 0 0 8 0 0 0 7 0 0 6 0 0 0 0 0 0 0 0 12 14 0 13 0 0 0 0 0 5 4 0 0 0 0 0 0 0
0 0 0 0 4 0 0 11 0 0 0 0 0 0 7 0 0 0 0 0 0 0 0 0 0 14 0 0 0 0 0 0 0 0 6 0 0 3 0 0 0 0 0 0 0 0 8 2 0 0 10 9 0 0 0 0 0 0 0 0 0 0 5 0
0 0 0 0 11 0 0 0 0 0 0 6 0 0 0 0 0 0 0 0 10 0 0 0 0 0 0 0 0 0 0 0 0 0 0 0 0 12 0 0 0 0 0 0 0 0 2 7 0 5 14 13 0 0 0 4 8 0 0 0 0 0 0 0
0 0 0 0 7 0 0 4 0 0 0 2 0 0 0 0 0 0 0 0 0 0 12 0 0 0 0 0 0 0 0 0 0 0 8 0 0 10 0 0 0 0 0 0 0 0 3 5 0 6 0 13 0 0 0 14 0 0 0 0 0 0 0 0
0 0 0 0 8 0 0 12 0 0 0 7 0 0 0 0 0 0 0 0 0 0 13 0 0 0 0 0 0 0 9 0 0 0 6 0 0 14 0 0 0 0 0 0 0 0 5 0 0 4 0 0 0 0 0 3 0 0 0 0 0 2 0 0
0 0 0 0 8 0 0 11 0 0 0 6 0 0 0 0 0 0 0 0 0 0 9 0 0 0 0 0 0 0 0 0 0 0 7 0 0 4 0 0 0 0 0 0 0 0 14 5 0 2 0 12 0 0 0 10 0 0 0 0 0 0 0 0
0 0 0 0 8 0 0 14 0 0 0 5 0 0 0 0 0 0 0 0 0 0 2 0 0 0 0 0 0 0 0 0 0 0 7 0 0 3 0 0 0 0 0 0 0 0 12 6 0 4 0 10 0 0 0 0 0 0 0 0 0 0 9 0
0 0 0 0 5 0 0 4 0 0 0 10 0 0 0 0 0 0 0 0 0 0 2 0 0 0 0 0 0 0 9 0 0 0 8 0 0 6 0 0 0 0 0 0 0 0 7 0 0 3 0 0 0 0 0 14 0 0 0 0 0 12 0 0
0 0 0 0 4 0 0 10 0 0 0 9 0 0 0 0 0 0 0 0 0 0 6 0 0 0 0 0 0 0 13 0 0 0 8 0 0 2 0 0 0 0 0 0 0 0 0 3 0 7 0 0 0 11 0 0 0 0 0 0 0 0 14 0
0 0 0 0 9 0 0 0 0 0 0 12 0 0 0 0 0 0 0 0 0 0 7 0 0 0 0 0 0 0 4 0 0 0 8 0 0 5 0 0 0 0 0 0 0 0 11 14 0 10 0 0 0 0 0 3 2 0 0 0 0 0 0 0
0 0 0 0 4 0 0 11 0 0 0 5 0 0 0 0 0 0 0 0 0 0 9 0 0 0 0 0 0 0 0 0 0 0 13 0 0 10 0 0 0 0 0 0 0 0 2 3 0 7 0 14 0 0 0 0 0 0 0 0 0 0 6 0
0 0 0 0 7 0 0 12 0 0 0 6 0 0 0 0 0 0 0 0 0 0 2 0 0 0 0 0 0 0 5 0 0 0 11 0 0 9 0 0 0 0 0 0 0 0 13 0 0 4 0 0 0 0 0 8 0 0 0 0 0 3 0 0
0 0 0 0 3 0 0 0 0 0 0 4 0 0 0 0 0 0 0 0 0 0 8 0 0 0 0 0 0 0 0 0 0 0 10 0 0 11 0 0 0 0 0 0 0 0 2 13 0 14 0 5 0 0 0 6 12 0 0 0 0 0 0 0
0 0 0 0 4 0 0 0 0 0 0 12 0 0 0 0 0 0 0 0 0 0 13 0 0 0 0 0 0 0 9 0 0 0 6 0 0 7 0 0 0 0 0 0 0 0 5 14 0 10 0 0 0 0 0 8 3 0 0 0 0 0 0 0
0 0 0 0 11 0 0 13 0 0 0 5 0 0 0 0 0 0 0 0 0 0 12 0 0 0 0 0 0 0 0 0 0 0 2 0 0 3 0 0 0 0 0 0 0 0 4 14 0 7 0 6 0 0 0 0 0 0 0 0 0 0 9 0
0 0 0 0 3 0 0 5 0 0 0 10 0 0 0 0 0 0 0 0 0 0 13 0 0 0 0 0 0 0 0 0 0 0 2 0 0 6 0 0 0 0 0 0 0 0 7 9 0 8 0 4 0 0 0 0 0 0 0 0 0 0 12 0
0 0 0 0 9 0 0 0 0 0 0 4 0 0 0 0 0 0 0 0 0 0 3 0 0 0 0 0 0 0 0 0 0 0 13 0 0 11 0 0 0 0 0 0 0 0 8 12 0 7 0 14 0 0 0 10 2 0 0 0 0 0 0 0
0 0 0 0 3 0 0 10 0 0 0 7 0 0 0 0 0 0 0 0 0 0 8 0 0 0 0 0 0 0 5 0 0 0 9 0 0 12 0 0 0 0 0 0 0 0 2 0 0 14 0 0 0 0 0 0 0 0 0 0 0 4 11 0
